0 138 1
0 303 0.5
0 613 0.5
3 101 0.125
3 171 0.5
3 186 0.25
3 199 0.5
3 222 0.5
3 226 0.16667
3 231 0.33333
3 236 0.14286
3 245 0.25
3 247 0.2
3 299 0.5
3 312 0.023256
3 314 0.33333
3 330 0.11111
3 332 0.5
3 346 0.5
3 367 0.019231
3 368 0.33333
3 403 0.1
3 405 0.25
3 408 0.14286
3 431 0.5
3 432 1
3 440 0.25
3 463 0.2
3 485 0.5
3 563 0.022727
3 602 0.16667
3 610 0.5
3 635 0.33333
3 637 0.2
4 238 0.33333
4 543 0.33333
6 14 0.33333
6 32 0.5
12 33 0.1
12 95 0.125
12 97 0.5
12 100 0.5
12 119 0.14286
12 133 0.5
12 137 0.2
12 139 0.6
12 166 0.2
12 204 0.75
12 313 0.25
12 366 0.4
12 403 0.083333
12 408 0.11111
12 413 0.75
12 468 0.2
12 495 0.14286
12 527 0.33333
12 568 0.75
12 604 0.28571
12 640 0.25
12 696 0.125
18 48 0.5
18 129 0.11111
18 257 0.42857
18 263 0.85714
18 418 0.14286
18 421 0.28571
18 459 0.375
18 477 0.66667
18 486 1
18 569 0.16667
18 608 0.14286
18 634 0.14286
19 179 0.25
19 301 0.2
19 570 1
20 236 0.14286
20 307 0.33333
20 670 1
22 28 0.25
22 80 0.33333
22 154 0.66667
22 232 0.2
22 233 0.33333
22 295 0.25
22 445 0.25
22 482 0.33333
22 517 0.16667
22 535 0.33333
22 679 0.33333
25 78 0.25
25 93 0.25
25 144 0.33333
25 179 0.16667
25 301 0.14286
25 348 0.14286
25 471 1
25 633 0.33333
26 184 1
26 376 0.33333
26 434 0.076923
26 460 0.5
26 563 0.022222
26 710 0.5
28 121 0.14286
28 233 0.5
28 275 0.11111
28 295 0.33333
28 429 0.25
28 482 0.5
28 517 0.2
28 535 0.5
28 604 0.14286
28 679 0.5
29 33 0.11111
29 85 0.33333
29 95 0.14286
29 97 0.14286
29 100 0.25
29 101 0.11111
29 165 0.33333
29 171 0.33333
29 186 0.2
29 199 0.33333
29 222 0.33333
29 231 0.66667
29 236 0.28571
29 245 0.2
29 248 0.33333
29 266 0.5
29 268 0.33333
29 274 0.5
29 299 0.33333
29 314 0.66667
29 329 0.33333
29 330 0.22222
29 345 0.5
29 346 0.33333
29 361 0.33333
29 368 0.66667
29 403 0.2
29 405 0.5
29 408 0.28571
29 413 0.2
29 416 0.5
29 431 0.33333
29 440 0.5
29 463 0.4
29 530 0.5
29 549 0.5
29 583 0.5
29 602 0.33333
29 610 0.33333
29 635 0.66667
29 682 0.5
29 704 0.5
30 51 0.25
30 67 0.2
30 70 0.33333
30 105 0.2
30 108 0.16667
30 112 0.25
30 124 1
30 129 0.16667
30 131 0.25
30 142 0.33333
30 147 0.33333
30 153 0.16667
30 160 0.33333
30 168 0.33333
30 187 0.66667
30 206 1
30 208 0.33333
30 229 0.14286
30 232 0.5
30 239 0.25
30 240 0.25
30 241 0.33333
30 249 0.33333
30 253 0.33333
30 273 0.16667
30 275 0.1
30 287 0.33333
30 290 0.25
30 294 0.25
30 305 0.25
30 324 0.25
30 340 0.25
30 348 0.14286
30 371 0.66667
30 378 0.25
30 386 0.66667
30 414 0.33333
30 417 0.33333
30 418 0.25
30 426 0.33333
30 436 0.25
30 445 0.25
30 447 0.33333
30 449 0.33333
30 453 0.25
30 477 0.090909
30 483 0.66667
30 496 0.2
30 507 0.33333
30 513 0.25
30 520 0.25
30 536 0.25
30 537 0.66667
30 540 0.25
30 545 0.25
30 550 0.66667
30 553 0.66667
30 561 0.6
30 582 0.33333
30 596 0.33333
30 603 0.33333
30 626 0.33333
30 646 0.33333
30 661 0.33333
30 715 0.25
31 223 1
33 43 0.125
33 85 0.11111
33 94 0.125
33 95 0.55556
33 97 0.27273
33 98 0.25
33 100 0.22222
33 119 0.083333
33 133 0.076923
33 139 0.083333
33 165 0.11111
33 166 0.1
33 186 0.090909
33 204 0.090909
33 231 0.1
33 236 0.15385
33 238 0.1
33 248 0.11111
33 266 0.125
33 268 0.11111
33 276 0.25
33 291 0.25
33 292 0.125
33 313 0.071429
33 314 0.1
33 329 0.25
33 330 0.30769
33 345 0.125
33 352 0.11111
33 361 0.11111
33 366 0.090909
33 368 0.1
33 394 0.125
33 403 0.28571
33 405 0.2
33 408 0.36364
33 411 0.125
33 412 0.125
33 413 0.2
33 416 0.125
33 435 0.125
33 440 0.2
33 463 0.18182
33 468 0.1
33 495 0.083333
33 525 0.2
33 527 0.083333
33 530 0.125
33 549 0.125
33 568 0.090909
33 602 0.16667
33 604 0.076923
33 635 0.1
33 640 0.071429
33 682 0.125
33 696 0.16667
33 704 0.125
39 219 1
39 270 1
39 303 0.5
39 312 0.023256
39 318 0.5
39 328 1
39 334 0.5
39 403 0.1
39 423 1
39 444 0.076923
41 130 0.33333
41 155 0.33333
41 180 0.2
41 244 0.33333
41 277 0.33333
41 313 0.11111
41 406 0.2
41 428 0.25
41 562 0.33333
41 645 0.33333
41 659 0.25
42 53 0.5
42 78 0.33333
42 99 0.5
42 104 0.33333
42 109 0.5
42 122 0.5
42 169 0.5
42 179 0.5
42 181 0.33333
42 214 0.5
42 216 0.5
42 271 0.5
42 301 0.4
42 308 0.5
42 316 0.5
42 327 0.5
42 401 0.5
42 458 0.33333
42 511 0.33333
42 515 0.5
42 516 0.5
42 517 0.5
42 524 0.5
42 526 0.5
42 572 0.5
42 678 0.5
42 692 0.5
42 694 0.5
42 699 0.5
43 94 1
43 95 0.16667
43 98 0.5
43 238 0.33333
43 276 0.5
43 291 0.5
43 330 0.11111
43 394 1
43 403 0.1
43 408 0.14286
43 411 1
43 412 1
43 435 1
43 525 0.25
45 194 0.4
45 212 0.25
45 284 0.2
45 465 0.30769
45 508 0.4
45 521 0.23077
45 548 0.2
45 551 0.2
45 591 0.28571
45 592 0.25
47 77 1
47 193 1
47 309 1
47 390 1
47 443 1
47 470 1
47 499 1
47 500 1
47 504 1
47 575 1
47 576 1
47 585 1
47 606 1
47 663 1
47 664 0.5
47 681 1
47 689 1
47 690 1
47 724 1
47 727 1
48 202 0.16667
48 257 0.66667
48 263 0.625
48 421 0.5
48 459 0.83333
48 477 0.36364
48 486 0.5
48 569 0.16667
48 608 0.33333
48 634 0.33333
51 67 0.25
51 70 0.5
51 105 0.25
51 108 0.2
51 112 0.33333
51 124 0.25
51 129 0.2
51 131 1
51 142 0.5
51 153 0.5
51 160 0.5
51 168 0.5
51 206 0.25
51 208 0.5
51 229 0.16667
51 232 0.25
51 239 0.33333
51 240 1
51 241 0.5
51 249 0.5
51 253 0.5
51 273 0.2
51 287 0.5
51 290 1
51 305 0.33333
51 324 1
51 340 1
51 348 0.16667
51 378 1
51 379 0.5
51 384 0.5
51 414 0.5
51 418 0.33333
51 436 1
51 445 0.33333
51 447 0.5
51 449 0.5
51 453 0.33333
51 477 0.1
51 496 0.25
51 507 0.5
51 520 0.33333
51 536 0.33333
51 540 0.33333
51 545 0.33333
51 561 0.16667
51 582 0.5
51 596 0.5
51 603 0.5
51 626 0.5
51 646 0.5
51 661 0.5
51 715 0.33333
52 410 1
53 78 0.5
53 104 0.5
53 122 1
53 179 0.25
53 181 0.5
53 271 1
53 301 0.2
53 316 1
53 458 0.5
53 515 1
53 517 0.25
53 526 1
53 572 1
53 678 1
53 692 1
53 694 1
53 699 1
56 67 0.33333
56 105 0.33333
56 108 0.25
56 129 0.25
56 229 0.2
56 273 0.25
56 477 0.11111
56 496 0.33333
56 545 0.5
56 571 1
57 312 0.023256
57 332 0.5
57 367 0.019231
57 442 1
58 69 0.33333
58 107 0.5
58 121 0.14286
58 126 1
58 132 1
58 149 0.33333
58 300 0.5
58 342 1
58 392 1
58 429 0.66667
58 458 0.33333
58 533 0.5
58 543 0.25
58 564 1
58 605 0.5
58 674 0.33333
59 104 0.5
59 134 1
59 145 0.5
59 152 0.11111
59 158 1
59 182 0.33333
59 200 0.33333
59 254 0.5
59 311 0.5
59 353 1
59 364 1
59 375 1
59 400 1
59 558 0.5
59 566 0.5
59 567 1
59 579 0.5
59 639 1
59 641 1
59 643 1
59 658 1
59 667 1
59 677 1
59 684 1
59 717 1
61 543 0.33333
62 71 0.33333
62 92 0.33333
62 93 0.25
62 150 0.33333
62 242 0.25
62 331 1
62 363 0.66667
62 409 0.33333
62 525 0.4
62 597 0.33333
64 65 0.2
64 493 0.6
64 502 0.5
65 493 0.2
67 68 0.2
67 70 0.33333
67 105 1
67 108 0.4
67 112 0.25
67 124 0.2
67 129 0.4
67 131 0.25
67 142 0.33333
67 153 0.16667
67 160 0.33333
67 168 0.33333
67 206 0.2
67 208 0.33333
67 229 0.33333
67 232 0.2
67 239 0.25
67 240 0.25
67 241 0.33333
67 249 0.33333
67 253 0.33333
67 273 0.4
67 287 0.33333
67 290 0.25
67 305 0.66667
67 324 0.25
67 340 0.25
67 378 0.25
67 403 0.083333
67 408 0.11111
67 414 0.33333
67 418 0.25
67 436 0.25
67 445 0.25
67 447 0.33333
67 449 0.33333
67 453 0.25
67 477 0.2
67 496 0.5
67 507 0.33333
67 520 0.25
67 536 0.25
67 540 0.25
67 545 0.66667
67 561 0.14286
67 571 0.33333
67 582 0.33333
67 596 0.33333
67 603 0.33333
67 626 0.33333
67 646 0.33333
67 661 0.33333
67 715 0.25
68 105 0.2
68 282 0.66667
68 305 0.25
68 403 0.083333
68 408 0.11111
69 121 0.14286
69 126 0.33333
69 132 0.33333
69 149 1
69 300 0.5
69 342 0.33333
69 392 0.33333
69 429 0.25
69 433 0.5
69 458 0.33333
69 543 0.25
69 564 0.33333
69 605 0.5
69 674 1
70 105 0.33333
70 108 0.25
70 112 0.5
70 124 0.33333
70 129 0.25
70 131 0.5
70 142 1
70 153 0.25
70 160 1
70 168 1
70 206 0.33333
70 208 1
70 229 0.2
70 232 0.33333
70 239 0.5
70 240 0.5
70 241 1
70 249 1
70 253 1
70 273 0.25
70 287 1
70 290 0.5
70 305 0.5
70 324 0.5
70 340 0.5
70 378 0.5
70 414 1
70 418 0.5
70 436 0.5
70 445 0.5
70 447 1
70 449 1
70 453 0.5
70 477 0.11111
70 496 0.33333
70 507 1
70 520 0.5
70 536 0.5
70 540 0.5
70 545 0.5
70 561 0.2
70 582 1
70 596 1
70 603 1
70 626 1
70 646 1
70 661 1
70 715 0.5
71 331 0.33333
71 363 0.5
71 525 0.25
73 102 0.33333
73 121 0.375
73 137 0.14286
73 220 0.2
73 237 0.1
73 267 0.33333
73 275 0.3
73 302 0.16667
73 312 0.043478
73 367 0.036364
73 373 0.5
73 404 0.2
73 424 0.16667
73 427 0.2
73 438 0.14286
73 444 0.058824
73 465 0.058824
73 521 0.0625
73 557 1
73 563 0.020833
73 586 0.66667
73 604 0.1
73 615 0.2
73 673 0.2
75 76 0.25
75 86 0.5
75 119 0.16667
75 152 0.1
75 159 0.25
75 209 0.5
75 355 0.2
75 373 0.2
75 495 0.16667
75 511 0.33333
75 640 0.125
75 696 0.14286
76 86 0.33333
76 119 0.6
76 133 0.125
76 139 0.14286
76 152 0.33333
76 159 1
76 166 0.2
76 173 0.33333
76 209 0.33333
76 261 0.33333
76 302 0.25
76 312 0.022222
76 315 0.33333
76 322 0.25
76 355 0.75
76 366 0.16667
76 367 0.018519
76 373 0.16667
76 395 0.33333
76 420 0.25
76 438 0.2
76 472 0.5
76 476 0.25
76 491 0.33333
76 495 0.6
76 511 0.25
76 527 0.14286
76 563 0.021739
76 604 0.125
76 640 0.42857
76 696 0.5
77 193 1
77 309 1
77 390 1
77 443 1
77 470 1
77 499 1
77 500 1
77 504 1
77 575 1
77 576 1
77 585 1
77 606 1
77 663 1
77 664 0.5
77 681 1
77 689 1
77 690 1
77 724 1
77 727 1
78 104 0.33333
78 122 0.5
78 144 0.5
78 179 0.5
78 181 0.33333
78 271 0.5
78 301 0.4
78 316 0.5
78 458 0.33333
78 471 0.25
78 515 0.5
78 517 0.2
78 526 0.5
78 572 0.5
78 678 0.5
78 692 0.5
78 694 0.5
78 699 0.5
79 90 0.2
79 221 0.16667
79 237 0.83333
79 247 0.11111
79 312 0.11628
79 367 0.096154
79 563 0.11364
79 637 0.11111
79 650 0.2
80 154 0.5
80 232 0.33333
80 445 0.5
81 215 0.44444
81 226 0.1
81 228 0.28571
81 312 0.043478
81 365 0.2
81 367 0.055556
81 434 0.30769
81 563 0.088889
85 95 0.14286
85 97 0.14286
85 100 0.25
85 165 0.33333
85 231 0.25
85 236 0.125
85 248 0.33333
85 266 0.5
85 268 0.33333
85 314 0.25
85 329 0.33333
85 330 0.1
85 345 0.5
85 356 0.5
85 361 0.33333
85 368 0.25
85 403 0.090909
85 405 0.2
85 408 0.125
85 413 0.2
85 416 0.5
85 440 0.2
85 463 0.16667
85 481 0.5
85 530 0.5
85 549 0.5
85 602 0.14286
85 635 0.25
85 682 0.5
85 704 0.5
86 119 0.2
86 152 0.11111
86 159 0.33333
86 209 1
86 355 0.25
86 373 0.25
86 495 0.2
86 511 0.5
86 640 0.14286
86 696 0.16667
90 221 0.5
90 237 0.16667
90 312 0.023256
90 367 0.019231
90 563 0.022727
90 650 1
92 93 0.5
92 150 1
92 242 0.5
92 331 0.33333
92 363 0.5
92 409 1
92 525 0.25
92 597 1
93 150 0.5
93 242 0.33333
93 331 0.25
93 348 0.16667
93 363 0.33333
93 409 0.5
93 471 0.25
93 525 0.2
93 597 0.5
94 95 0.16667
94 98 0.5
94 238 0.33333
94 276 0.5
94 291 0.5
94 330 0.11111
94 394 1
94 403 0.1
94 408 0.14286
94 411 1
94 412 1
94 435 1
94 525 0.25
95 97 0.5
95 98 0.14286
95 100 0.28571
95 119 0.1
95 133 0.2
95 139 0.1
95 165 0.14286
95 166 0.125
95 204 0.25
95 231 0.125
95 236 0.083333
95 238 0.125
95 248 0.14286
95 266 0.16667
95 268 0.14286
95 276 0.14286
95 291 0.14286
95 313 0.083333
95 314 0.125
95 329 0.14286
95 330 0.36364
95 345 0.16667
95 361 0.14286
95 366 0.11111
95 368 0.125
95 394 0.16667
95 403 0.45455
95 405 0.11111
95 408 0.44444
95 411 0.16667
95 412 0.16667
95 413 0.25
95 416 0.16667
95 435 0.16667
95 440 0.11111
95 463 0.22222
95 468 0.125
95 495 0.1
95 525 0.11111
95 527 0.1
95 530 0.16667
95 549 0.16667
95 568 0.11111
95 602 0.2
95 604 0.090909
95 635 0.125
95 640 0.18182
95 682 0.16667
95 696 0.090909
95 704 0.16667
96 162 1
96 210 1
96 264 1
96 561 0.2
96 573 1
97 100 0.5
97 119 0.1
97 133 0.5
97 137 0.125
97 139 0.375
97 165 0.14286
97 166 0.125
97 204 0.66667
97 231 0.125
97 236 0.083333
97 248 0.14286
97 266 0.16667
97 268 0.14286
97 313 0.18182
97 314 0.125
97 329 0.14286
97 330 0.15385
97 345 0.16667
97 361 0.14286
97 366 0.25
97 368 0.125
97 403 0.23077
97 405 0.11111
97 408 0.18182
97 413 0.66667
97 416 0.16667
97 440 0.11111
97 463 0.22222
97 468 0.125
97 495 0.1
97 527 0.22222
97 530 0.16667
97 549 0.16667
97 568 0.42857
97 602 0.2
97 604 0.2
97 635 0.125
97 640 0.3
97 682 0.16667
97 696 0.090909
97 704 0.16667
98 238 0.25
98 276 1
98 291 1
98 330 0.1
98 394 0.5
98 403 0.090909
98 408 0.125
98 411 0.5
98 412 0.5
98 435 0.5
98 525 0.5
99 109 1
99 169 1
99 179 0.25
99 214 1
99 216 1
99 301 0.2
99 308 1
99 327 1
99 401 1
99 511 0.5
99 516 1
99 517 0.25
99 524 1
100 119 0.14286
100 133 0.28571
100 139 0.33333
100 165 0.25
100 166 0.2
100 204 0.4
100 231 0.2
100 236 0.11111
100 248 0.25
100 266 0.33333
100 268 0.25
100 313 0.25
100 314 0.2
100 329 0.25
100 330 0.090909
100 345 0.33333
100 361 0.25
100 366 0.16667
100 368 0.2
100 403 0.18182
100 405 0.16667
100 408 0.25
100 413 0.75
100 416 0.33333
100 440 0.16667
100 463 0.14286
100 468 0.2
100 495 0.14286
100 527 0.33333
100 530 0.33333
100 549 0.33333
100 568 0.4
100 602 0.125
100 604 0.125
100 635 0.2
100 640 0.25
100 682 0.33333
100 696 0.125
100 704 0.33333
101 171 0.25
101 186 0.33333
101 199 0.25
101 222 0.25
101 226 0.076923
101 231 0.22222
101 236 0.25
101 245 0.33333
101 247 0.083333
101 274 0.125
101 299 0.25
101 312 0.085106
101 314 0.22222
101 330 0.30769
101 332 0.11111
101 346 0.25
101 367 0.071429
101 368 0.22222
101 403 0.2
101 405 0.2
101 408 0.15385
101 431 0.25
101 432 0.125
101 440 0.2
101 463 0.18182
101 485 0.11111
101 563 0.061224
101 583 0.125
101 602 0.16667
101 609 0.11111
101 610 0.25
101 635 0.22222
101 637 0.083333
102 121 0.28571
102 237 0.125
102 267 0.2
102 275 0.22222
102 373 0.4
102 404 0.33333
102 424 0.25
102 427 0.33333
102 428 0.25
102 444 0.066667
102 465 0.066667
102 521 0.071429
102 557 0.33333
102 586 0.33333
102 604 0.125
104 122 0.5
104 134 0.5
104 145 0.33333
104 152 0.1
104 158 0.5
104 179 0.2
104 181 0.33333
104 182 0.25
104 200 0.25
104 254 0.33333
104 271 0.5
104 301 0.16667
104 311 0.33333
104 316 0.5
104 353 0.5
104 364 0.5
104 375 0.5
104 400 0.5
104 458 0.33333
104 515 0.5
104 517 0.2
104 526 0.5
104 558 0.33333
104 566 0.33333
104 567 0.5
104 572 0.5
104 579 0.33333
104 639 0.5
104 641 0.5
104 643 0.5
104 658 0.5
104 667 0.5
104 677 0.5
104 678 0.5
104 684 0.5
104 692 0.5
104 694 0.5
104 699 0.5
104 717 0.5
105 108 0.4
105 112 0.25
105 124 0.2
105 129 0.4
105 131 0.25
105 142 0.33333
105 153 0.16667
105 160 0.33333
105 168 0.33333
105 206 0.2
105 208 0.33333
105 229 0.33333
105 232 0.2
105 239 0.25
105 240 0.25
105 241 0.33333
105 249 0.33333
105 253 0.33333
105 273 0.4
105 287 0.33333
105 290 0.25
105 305 0.66667
105 324 0.25
105 340 0.25
105 378 0.25
105 403 0.083333
105 408 0.11111
105 414 0.33333
105 418 0.25
105 436 0.25
105 445 0.25
105 447 0.33333
105 449 0.33333
105 453 0.25
105 477 0.2
105 496 0.5
105 507 0.33333
105 520 0.25
105 536 0.25
105 540 0.25
105 545 0.66667
105 561 0.14286
105 571 0.33333
105 582 0.33333
105 596 0.33333
105 603 0.33333
105 626 0.33333
105 646 0.33333
105 661 0.33333
105 715 0.25
107 126 0.5
107 132 0.5
107 342 0.5
107 392 0.5
107 429 0.33333
107 533 1
107 564 0.5
108 112 0.2
108 124 0.16667
108 129 0.6
108 131 0.2
108 142 0.25
108 153 0.14286
108 160 0.25
108 168 0.25
108 206 0.16667
108 208 0.25
108 229 0.5
108 232 0.16667
108 239 0.2
108 240 0.2
108 241 0.25
108 249 0.25
108 253 0.25
108 273 1
108 287 0.25
108 290 0.2
108 305 0.2
108 324 0.2
108 340 0.2
108 378 0.2
108 414 0.25
108 418 0.2
108 422 0.25
108 436 0.2
108 445 0.2
108 447 0.25
108 449 0.25
108 453 0.2
108 477 0.3
108 496 0.75
108 507 0.25
108 520 0.2
108 536 0.2
108 540 0.2
108 545 0.5
108 561 0.125
108 571 0.25
108 582 0.25
108 596 0.25
108 603 0.25
108 626 0.25
108 646 0.25
108 661 0.25
108 715 0.2
109 169 1
109 179 0.25
109 214 1
109 216 1
109 301 0.2
109 308 1
109 327 1
109 401 1
109 511 0.5
109 516 1
109 517 0.25
109 524 1
110 239 0.5
110 296 1
110 349 0.5
110 501 1
110 520 0.5
110 555 1
112 124 0.25
112 129 0.2
112 131 0.33333
112 142 0.5
112 153 0.2
112 160 0.5
112 168 0.5
112 206 0.25
112 208 0.5
112 229 0.16667
112 232 0.25
112 239 0.33333
112 240 0.33333
112 241 0.5
112 249 0.5
112 253 0.5
112 273 0.2
112 287 0.5
112 290 0.33333
112 305 0.33333
112 324 0.33333
112 340 0.33333
112 378 0.33333
112 414 0.5
112 418 0.33333
112 436 0.33333
112 445 0.33333
112 447 0.5
112 449 0.5
112 453 0.33333
112 477 0.1
112 496 0.25
112 507 0.5
112 520 0.33333
112 536 0.33333
112 540 0.33333
112 545 0.33333
112 561 0.16667
112 582 0.5
112 596 0.5
112 603 0.5
112 626 0.5
112 646 0.5
112 661 0.5
112 715 0.33333
113 399 1
114 227 0.33333
114 313 0.14286
114 527 0.2
115 247 0.2
115 637 0.2
119 133 0.375
119 139 0.42857
119 152 0.27273
119 159 0.6
119 166 0.6
119 173 0.2
119 204 0.125
119 209 0.2
119 261 0.2
119 302 0.16667
119 312 0.021277
119 313 0.090909
119 315 0.2
119 322 0.4
119 355 0.8
119 366 0.5
119 367 0.017857
119 373 0.125
119 395 0.2
119 403 0.071429
119 408 0.090909
119 413 0.125
119 420 0.4
119 438 0.14286
119 468 0.14286
119 472 0.6
119 476 0.4
119 491 0.2
119 495 1
119 511 0.16667
119 527 0.42857
119 563 0.020833
119 568 0.125
119 604 0.375
119 640 0.71429
119 696 0.83333
121 126 0.14286
121 132 0.14286
121 137 0.125
121 149 0.14286
121 220 0.16667
121 237 0.090909
121 267 0.28571
121 275 0.55556
121 300 0.16667
121 302 0.14286
121 312 0.020833
121 342 0.14286
121 367 0.017544
121 373 0.42857
121 392 0.14286
121 404 0.16667
121 424 0.14286
121 427 0.16667
121 429 0.28571
121 438 0.125
121 444 0.055556
121 458 0.14286
121 465 0.055556
121 521 0.058824
121 543 0.125
121 557 0.375
121 563 0.020408
121 564 0.14286
121 586 0.57143
121 604 0.2
121 605 0.16667
121 615 0.16667
121 673 0.16667
121 674 0.14286
122 179 0.25
122 181 0.5
122 271 1
122 301 0.2
122 316 1
122 458 0.5
122 515 1
122 517 0.25
122 526 1
122 572 1
122 678 1
122 692 1
122 694 1
122 699 1
124 129 0.16667
124 131 0.25
124 142 0.33333
124 147 0.33333
124 153 0.16667
124 160 0.33333
124 168 0.33333
124 187 0.66667
124 206 1
124 208 0.33333
124 229 0.14286
124 232 0.5
124 239 0.25
124 240 0.25
124 241 0.33333
124 249 0.33333
124 253 0.33333
124 273 0.16667
124 275 0.1
124 287 0.33333
124 290 0.25
124 294 0.25
124 305 0.25
124 324 0.25
124 340 0.25
124 348 0.14286
124 371 0.66667
124 378 0.25
124 386 0.66667
124 414 0.33333
124 417 0.33333
124 418 0.25
124 426 0.33333
124 436 0.25
124 445 0.25
124 447 0.33333
124 449 0.33333
124 453 0.25
124 477 0.090909
124 483 0.66667
124 496 0.2
124 507 0.33333
124 513 0.25
124 520 0.25
124 536 0.25
124 537 0.66667
124 540 0.25
124 545 0.25
124 550 0.66667
124 553 0.66667
124 561 0.6
124 582 0.33333
124 596 0.33333
124 603 0.33333
124 626 0.33333
124 646 0.33333
124 661 0.33333
124 715 0.25
126 132 1
126 149 0.33333
126 300 0.5
126 342 1
126 392 1
126 429 0.66667
126 458 0.33333
126 533 0.5
126 543 0.25
126 564 1
126 605 0.5
126 674 0.33333
129 131 0.2
129 142 0.25
129 153 0.14286
129 160 0.25
129 168 0.25
129 206 0.16667
129 208 0.25
129 229 0.28571
129 232 0.16667
129 239 0.2
129 240 0.2
129 241 0.25
129 249 0.25
129 253 0.25
129 263 0.1
129 273 0.6
129 287 0.25
129 290 0.2
129 305 0.2
129 324 0.2
129 340 0.2
129 378 0.2
129 414 0.25
129 418 0.5
129 436 0.2
129 445 0.2
129 447 0.25
129 449 0.25
129 453 0.2
129 477 0.44444
129 486 0.11111
129 496 0.75
129 507 0.25
129 520 0.2
129 536 0.2
129 540 0.2
129 545 0.5
129 561 0.125
129 571 0.25
129 582 0.25
129 596 0.25
129 603 0.25
129 626 0.25
129 646 0.25
129 661 0.25
129 715 0.2
130 155 1
130 180 0.33333
130 277 1
130 313 0.14286
130 406 0.33333
130 428 0.5
130 645 1
130 659 0.5
131 142 0.5
131 153 0.5
131 160 0.5
131 168 0.5
131 206 0.25
131 208 0.5
131 229 0.16667
131 232 0.25
131 239 0.33333
131 240 1
131 241 0.5
131 249 0.5
131 253 0.5
131 273 0.2
131 287 0.5
131 290 1
131 305 0.33333
131 324 1
131 340 1
131 348 0.16667
131 378 1
131 379 0.5
131 384 0.5
131 414 0.5
131 418 0.33333
131 436 1
131 445 0.33333
131 447 0.5
131 449 0.5
131 453 0.33333
131 477 0.1
131 496 0.25
131 507 0.5
131 520 0.33333
131 536 0.33333
131 540 0.33333
131 545 0.33333
131 561 0.16667
131 582 0.5
131 596 0.5
131 603 0.5
131 626 0.5
131 646 0.5
131 661 0.5
131 715 0.33333
132 149 0.33333
132 300 0.5
132 342 1
132 392 1
132 429 0.66667
132 458 0.33333
132 533 0.5
132 543 0.25
132 564 1
132 605 0.5
132 674 0.33333
133 137 0.125
133 139 0.83333
133 152 0.071429
133 159 0.125
133 166 0.5
133 173 0.16667
133 204 0.66667
133 261 0.16667
133 302 0.14286
133 312 0.020833
133 313 0.18182
133 315 0.16667
133 322 0.33333
133 330 0.071429
133 355 0.25
133 366 0.66667
133 367 0.017544
133 395 0.16667
133 403 0.14286
133 408 0.083333
133 413 0.42857
133 420 0.33333
133 438 0.125
133 463 0.1
133 468 0.125
133 472 0.28571
133 476 0.33333
133 491 0.16667
133 495 0.375
133 527 0.57143
133 563 0.020408
133 568 0.42857
133 602 0.090909
133 604 0.5
133 640 0.625
133 696 0.33333
134 145 0.5
134 152 0.11111
134 158 1
134 182 0.33333
134 200 0.33333
134 254 0.5
134 311 0.5
134 353 1
134 364 1
134 375 1
134 400 1
134 558 0.5
134 566 0.5
134 567 1
134 579 0.5
134 639 1
134 641 1
134 643 1
134 658 1
134 667 1
134 677 1
134 684 1
134 717 1
137 139 0.14286
137 204 0.16667
137 220 0.33333
137 267 0.2
137 275 0.1
137 302 0.25
137 312 0.022222
137 366 0.16667
137 367 0.018519
137 373 0.16667
137 413 0.16667
137 438 0.2
137 557 0.14286
137 563 0.021739
137 568 0.16667
137 586 0.14286
137 604 0.125
137 615 0.33333
137 673 0.33333
138 303 0.5
138 613 0.5
139 152 0.076923
139 159 0.14286
139 166 0.6
139 173 0.2
139 204 0.5
139 261 0.2
139 302 0.16667
139 312 0.021277
139 313 0.2
139 315 0.2
139 322 0.4
139 355 0.28571
139 366 0.8
139 367 0.017857
139 395 0.2
139 403 0.071429
139 408 0.090909
139 413 0.5
139 420 0.4
139 438 0.14286
139 468 0.14286
139 472 0.33333
139 476 0.4
139 491 0.2
139 495 0.42857
139 527 0.66667
139 563 0.020833
139 568 0.5
139 604 0.57143
139 640 0.5
139 696 0.375
140 376 0.5
140 580 0.5
140 691 0.5
141 185 0.33333
141 258 0.66667
141 448 0.25
141 478 0.33333
141 505 0.33333
142 153 0.25
142 160 1
142 168 1
142 206 0.33333
142 208 1
142 229 0.2
142 232 0.33333
142 239 0.5
142 240 0.5
142 241 1
142 249 1
142 253 1
142 273 0.25
142 287 1
142 290 0.5
142 305 0.5
142 324 0.5
142 340 0.5
142 378 0.5
142 414 1
142 418 0.5
142 436 0.5
142 445 0.5
142 447 1
142 449 1
142 453 0.5
142 477 0.11111
142 496 0.33333
142 507 1
142 520 0.5
142 536 0.5
142 540 0.5
142 545 0.5
142 561 0.2
142 582 1
142 596 1
142 603 1
142 626 1
142 646 1
142 661 1
142 715 0.5
144 179 0.25
144 301 0.2
144 471 0.33333
145 152 0.1
145 158 0.5
145 182 0.25
145 200 0.25
145 254 0.33333
145 311 0.33333
145 353 0.5
145 364 0.5
145 375 0.5
145 400 0.5
145 558 1
145 566 0.33333
145 567 0.5
145 579 0.33333
145 602 0.14286
145 639 0.5
145 641 0.5
145 643 0.5
145 658 0.5
145 667 0.5
145 677 0.5
145 684 0.5
145 717 0.5
147 187 0.5
147 206 0.33333
147 232 0.33333
147 275 0.125
147 294 0.5
147 348 0.2
147 371 0.5
147 386 0.5
147 417 1
147 426 1
147 483 0.5
147 513 0.5
147 537 0.5
147 550 0.5
147 553 0.5
147 561 0.2
149 300 0.5
149 342 0.33333
149 392 0.33333
149 429 0.25
149 433 0.5
149 458 0.33333
149 543 0.25
149 564 0.33333
149 605 0.5
149 674 1
150 242 0.5
150 331 0.33333
150 363 0.5
150 409 1
150 525 0.25
150 597 1
151 664 0.33333
152 158 0.11111
152 159 0.33333
152 166 0.090909
152 173 0.11111
152 182 0.33333
152 200 0.2
152 201 0.33333
152 209 0.11111
152 227 0.090909
152 254 0.22222
152 261 0.11111
152 302 0.1
152 311 0.1
152 312 0.04
152 315 0.11111
152 322 0.1
152 353 0.11111
152 355 0.3
152 364 0.11111
152 366 0.083333
152 367 0.033898
152 373 0.083333
152 375 0.11111
152 395 0.11111
152 400 0.11111
152 420 0.1
152 438 0.090909
152 467 0.11111
152 472 0.2
152 476 0.1
152 491 0.11111
152 495 0.27273
152 511 0.1
152 527 0.076923
152 558 0.1
152 563 0.039216
152 566 0.1
152 567 0.11111
152 579 0.22222
152 604 0.071429
152 639 0.11111
152 640 0.23077
152 641 0.11111
152 643 0.11111
152 658 0.11111
152 667 0.11111
152 677 0.11111
152 684 0.11111
152 696 0.25
152 717 0.11111
153 160 0.25
153 168 0.25
153 206 0.16667
153 208 0.25
153 229 0.125
153 232 0.16667
153 239 0.2
153 240 0.5
153 241 0.25
153 249 0.25
153 253 0.25
153 273 0.14286
153 287 0.25
153 290 0.5
153 305 0.2
153 324 0.5
153 340 0.5
153 348 0.125
153 378 0.5
153 379 0.25
153 384 0.25
153 414 0.25
153 418 0.2
153 436 0.5
153 445 0.2
153 447 0.25
153 449 0.25
153 453 0.2
153 477 0.083333
153 496 0.16667
153 507 0.25
153 520 0.2
153 536 0.2
153 540 0.2
153 545 0.2
153 561 0.125
153 582 0.25
153 596 0.25
153 603 0.25
153 626 0.25
153 646 0.25
153 661 0.25
153 715 0.2
154 232 0.25
154 445 0.33333
155 180 0.33333
155 277 1
155 313 0.14286
155 406 0.33333
155 428 0.5
155 645 1
155 659 0.5
158 182 0.33333
158 200 0.33333
158 254 0.5
158 311 0.5
158 353 1
158 364 1
158 375 1
158 400 1
158 558 0.5
158 566 0.5
158 567 1
158 579 0.5
158 639 1
158 641 1
158 643 1
158 658 1
158 667 1
158 677 1
158 684 1
158 717 1
159 166 0.2
159 173 0.33333
159 209 0.33333
159 261 0.33333
159 302 0.25
159 312 0.022222
159 315 0.33333
159 322 0.25
159 355 0.75
159 366 0.16667
159 367 0.018519
159 373 0.16667
159 395 0.33333
159 420 0.25
159 438 0.2
159 472 0.5
159 476 0.25
159 491 0.33333
159 495 0.6
159 511 0.25
159 527 0.14286
159 563 0.021739
159 604 0.125
159 640 0.42857
159 696 0.5
160 168 1
160 206 0.33333
160 208 1
160 229 0.2
160 232 0.33333
160 239 0.5
160 240 0.5
160 241 1
160 249 1
160 253 1
160 273 0.25
160 287 1
160 290 0.5
160 305 0.5
160 324 0.5
160 340 0.5
160 378 0.5
160 414 1
160 418 0.5
160 436 0.5
160 445 0.5
160 447 1
160 449 1
160 453 0.5
160 477 0.11111
160 496 0.33333
160 507 1
160 520 0.5
160 536 0.5
160 540 0.5
160 545 0.5
160 561 0.2
160 582 1
160 596 1
160 603 1
160 626 1
160 646 1
160 661 1
160 715 0.5
161 167 0.5
161 174 0.5
161 284 0.5
161 424 0.5
161 444 0.076923
161 465 0.076923
161 510 0.5
161 521 0.083333
161 591 0.2
162 210 1
162 264 1
162 561 0.2
162 573 1
165 231 0.25
165 236 0.125
165 248 1
165 266 0.5
165 268 1
165 314 0.25
165 329 0.33333
165 330 0.1
165 345 0.5
165 361 1
165 368 0.25
165 403 0.090909
165 405 0.2
165 408 0.125
165 413 0.2
165 416 0.5
165 440 0.2
165 463 0.16667
165 530 0.5
165 549 0.5
165 602 0.14286
165 635 0.25
165 682 0.5
165 704 0.5
166 173 0.33333
166 204 0.16667
166 261 0.33333
166 302 0.25
166 312 0.022222
166 313 0.11111
166 315 0.33333
166 322 0.66667
166 355 0.4
166 366 0.75
166 367 0.018519
166 395 0.33333
166 403 0.083333
166 408 0.11111
166 413 0.16667
166 420 0.66667
166 438 0.2
166 468 0.2
166 472 0.5
166 476 0.66667
166 491 0.33333
166 495 0.6
166 527 0.6
166 563 0.021739
166 568 0.16667
166 604 0.5
166 640 0.42857
166 696 0.5
167 174 0.33333
167 284 0.33333
167 424 0.33333
167 444 0.15385
167 465 0.15385
167 510 0.33333
167 521 0.16667
167 548 0.33333
167 591 0.4
168 206 0.33333
168 208 1
168 229 0.2
168 232 0.33333
168 239 0.5
168 240 0.5
168 241 1
168 249 1
168 253 1
168 273 0.25
168 287 1
168 290 0.5
168 305 0.5
168 324 0.5
168 340 0.5
168 378 0.5
168 414 1
168 418 0.5
168 436 0.5
168 445 0.5
168 447 1
168 449 1
168 453 0.5
168 477 0.11111
168 496 0.33333
168 507 1
168 520 0.5
168 536 0.5
168 540 0.5
168 545 0.5
168 561 0.2
168 582 1
168 596 1
168 603 1
168 626 1
168 646 1
168 661 1
168 715 0.5
169 179 0.25
169 214 1
169 216 1
169 301 0.2
169 308 1
169 327 1
169 401 1
169 511 0.5
169 516 1
169 517 0.25
169 524 1
170 226 0.16667
170 312 0.023256
170 334 0.5
170 367 0.019231
170 563 0.022727
171 186 0.5
171 199 1
171 222 1
171 226 0.14286
171 231 0.66667
171 236 0.28571
171 245 0.5
171 247 0.16667
171 274 0.5
171 299 1
171 312 0.022727
171 314 0.66667
171 330 0.22222
171 332 0.33333
171 346 1
171 367 0.018868
171 368 0.66667
171 403 0.2
171 405 0.5
171 408 0.28571
171 431 1
171 432 0.5
171 440 0.5
171 463 0.4
171 485 0.33333
171 563 0.022222
171 583 0.5
171 602 0.33333
171 610 1
171 635 0.66667
171 637 0.16667
173 261 1
173 302 0.5
173 312 0.023256
173 315 1
173 322 0.5
173 355 0.25
173 366 0.25
173 367 0.019231
173 395 1
173 420 0.5
173 438 0.33333
173 472 0.33333
173 476 0.5
173 491 1
173 495 0.2
173 527 0.2
173 563 0.022727
173 604 0.16667
173 640 0.14286
173 696 0.16667
174 284 0.33333
174 424 0.33333
174 444 0.15385
174 455 0.25
174 465 0.15385
174 510 0.33333
174 521 0.16667
174 551 0.11111
174 591 0.16667
175 247 0.2
175 637 0.2
179 181 0.2
179 214 0.25
179 216 0.25
179 271 0.25
179 301 0.8
179 308 0.25
179 316 0.25
179 327 0.25
179 401 0.25
179 458 0.2
179 471 0.16667
179 511 0.2
179 515 0.25
179 516 0.25
179 517 0.33333
179 524 0.25
179 526 0.25
179 570 0.25
179 572 0.25
179 678 0.25
179 692 0.25
179 694 0.25
179 699 0.25
180 277 0.33333
180 313 0.25
180 337 0.33333
180 352 0.25
180 359 0.33333
180 406 0.2
180 428 0.25
180 645 0.33333
180 659 0.25
181 271 0.5
181 301 0.16667
181 316 0.5
181 458 0.33333
181 515 0.5
181 517 0.2
181 526 0.5
181 572 0.5
181 666 0.5
181 678 0.5
181 692 0.5
181 694 0.5
181 699 0.5
182 200 0.5
182 201 0.2
182 254 0.66667
182 311 0.25
182 353 0.33333
182 364 0.33333
182 375 0.33333
182 400 0.33333
182 467 0.33333
182 558 0.25
182 566 0.25
182 567 0.33333
182 579 0.66667
182 639 0.33333
182 641 0.33333
182 643 0.33333
182 658 0.33333
182 667 0.33333
182 677 0.33333
182 684 0.33333
182 717 0.33333
184 376 0.33333
184 434 0.076923
184 460 0.5
184 563 0.022222
184 710 0.5
185 258 0.5
186 199 0.5
186 222 0.5
186 226 0.11111
186 231 0.4
186 236 0.57143
186 245 0.6
186 247 0.125
186 274 0.25
186 299 0.5
186 312 0.044444
186 314 0.4
186 329 0.2
186 330 0.44444
186 332 0.2
186 346 0.5
186 367 0.037037
186 368 0.4
186 403 0.16667
186 405 0.6
186 408 0.22222
186 431 0.5
186 432 0.25
186 440 0.6
186 463 0.5
186 485 0.2
186 563 0.043478
186 583 0.25
186 602 0.42857
186 610 0.5
186 635 0.4
186 637 0.125
186 696 0.11111
187 206 0.66667
187 232 0.25
187 275 0.11111
187 294 0.33333
187 348 0.16667
187 371 1
187 386 1
187 417 0.5
187 426 0.5
187 483 1
187 513 0.33333
187 537 1
187 550 1
187 553 1
187 561 0.4
193 309 1
193 390 1
193 443 1
193 470 1
193 499 1
193 500 1
193 504 1
193 575 1
193 576 1
193 585 1
193 606 1
193 663 1
193 664 0.5
193 681 1
193 689 1
193 690 1
193 724 1
193 727 1
194 212 0.125
194 465 0.14286
194 508 0.2
194 521 0.071429
194 551 0.22222
194 591 0.14286
194 592 0.33333
195 293 1
196 457 1
196 466 1
196 631 1
196 700 1
198 539 1
199 222 1
199 226 0.14286
199 231 0.66667
199 236 0.28571
199 245 0.5
199 247 0.16667
199 274 0.5
199 299 1
199 312 0.022727
199 314 0.66667
199 330 0.22222
199 332 0.33333
199 346 1
199 367 0.018868
199 368 0.66667
199 403 0.2
199 405 0.5
199 408 0.28571
199 431 1
199 432 0.5
199 440 0.5
199 463 0.4
199 485 0.33333
199 563 0.022222
199 583 0.5
199 602 0.33333
199 610 1
199 635 0.66667
199 637 0.16667
200 201 0.2
200 254 0.66667
200 311 0.25
200 353 0.33333
200 364 0.33333
200 375 0.33333
200 400 0.33333
200 467 0.33333
200 488 0.33333
200 558 0.25
200 566 0.25
200 567 0.33333
200 579 0.66667
200 639 0.33333
200 641 0.33333
200 643 0.33333
200 658 0.33333
200 667 0.33333
200 677 0.33333
200 684 0.33333
200 717 0.33333
201 227 0.2
201 254 0.25
201 467 0.33333
201 579 0.25
202 257 0.25
202 421 0.33333
202 459 0.2
202 608 0.5
202 634 0.5
204 313 0.22222
204 330 0.083333
204 366 0.33333
204 403 0.16667
204 408 0.1
204 413 0.6
204 463 0.125
204 468 0.16667
204 495 0.125
204 527 0.28571
204 568 0.6
204 602 0.11111
204 604 0.25
204 640 0.375
204 696 0.11111
206 208 0.33333
206 229 0.14286
206 232 0.5
206 239 0.25
206 240 0.25
206 241 0.33333
206 249 0.33333
206 253 0.33333
206 273 0.16667
206 275 0.1
206 287 0.33333
206 290 0.25
206 294 0.25
206 305 0.25
206 324 0.25
206 340 0.25
206 348 0.14286
206 371 0.66667
206 378 0.25
206 386 0.66667
206 414 0.33333
206 417 0.33333
206 418 0.25
206 426 0.33333
206 436 0.25
206 445 0.25
206 447 0.33333
206 449 0.33333
206 453 0.25
206 477 0.090909
206 483 0.66667
206 496 0.2
206 507 0.33333
206 513 0.25
206 520 0.25
206 536 0.25
206 537 0.66667
206 540 0.25
206 545 0.25
206 550 0.66667
206 553 0.66667
206 561 0.6
206 582 0.33333
206 596 0.33333
206 603 0.33333
206 626 0.33333
206 646 0.33333
206 661 0.33333
206 715 0.25
208 229 0.2
208 232 0.33333
208 239 0.5
208 240 0.5
208 241 1
208 249 1
208 253 1
208 273 0.25
208 287 1
208 290 0.5
208 305 0.5
208 324 0.5
208 340 0.5
208 378 0.5
208 414 1
208 418 0.5
208 436 0.5
208 445 0.5
208 447 1
208 449 1
208 453 0.5
208 477 0.11111
208 496 0.33333
208 507 1
208 520 0.5
208 536 0.5
208 540 0.5
208 545 0.5
208 561 0.2
208 582 1
208 596 1
208 603 1
208 626 1
208 646 1
208 661 1
208 715 0.5
209 355 0.25
209 373 0.25
209 495 0.2
209 511 0.5
209 640 0.14286
209 696 0.16667
210 264 1
210 561 0.2
210 573 1
212 465 0.46154
212 508 0.125
212 521 0.5
212 551 0.27273
212 591 0.22222
212 592 0.16667
214 216 1
214 301 0.2
214 308 1
214 327 1
214 401 1
214 511 0.5
214 516 1
214 517 0.25
214 524 1
215 226 0.27273
215 228 0.2
215 259 0.125
215 289 0.076923
215 312 0.0625
215 365 0.125
215 367 0.071429
215 434 0.66667
215 563 0.13043
216 301 0.2
216 308 1
216 327 1
216 401 1
216 511 0.5
216 516 1
216 517 0.25
216 524 1
217 611 1
219 270 1
219 303 0.5
219 312 0.023256
219 318 0.5
219 328 1
219 334 0.5
219 403 0.1
219 423 1
219 444 0.076923
220 267 0.33333
220 275 0.125
220 302 0.5
220 312 0.023256
220 367 0.019231
220 373 0.25
220 438 0.33333
220 557 0.2
220 563 0.022727
220 586 0.2
220 615 1
220 673 1
221 237 0.14286
221 312 0.022727
221 367 0.018868
221 563 0.022222
221 650 0.5
222 226 0.14286
222 231 0.66667
222 236 0.28571
222 245 0.5
222 247 0.16667
222 274 0.5
222 299 1
222 312 0.022727
222 314 0.66667
222 330 0.22222
222 332 0.33333
222 346 1
222 367 0.018868
222 368 0.66667
222 403 0.2
222 405 0.5
222 408 0.28571
222 431 1
222 432 0.5
222 440 0.5
222 463 0.4
222 485 0.33333
222 563 0.022222
222 583 0.5
222 602 0.33333
222 610 1
222 635 0.66667
222 637 0.16667
224 349 0.5
224 568 0.25
226 228 0.25
226 231 0.125
226 236 0.083333
226 245 0.11111
226 247 0.1
226 259 0.16667
226 289 0.090909
226 299 0.14286
226 312 0.088889
226 314 0.125
226 330 0.071429
226 332 0.14286
226 334 0.14286
226 346 0.14286
226 367 0.074074
226 368 0.125
226 403 0.066667
226 405 0.11111
226 408 0.083333
226 431 0.14286
226 432 0.16667
226 434 0.2
226 440 0.11111
226 463 0.1
226 485 0.14286
226 563 0.11111
226 602 0.090909
226 610 0.14286
226 635 0.125
226 637 0.1
227 313 0.11111
227 527 0.14286
228 289 0.11111
228 312 0.044444
228 365 0.25
228 367 0.037037
228 434 0.23077
228 561 0.125
228 563 0.043478
229 232 0.14286
229 239 0.16667
229 240 0.16667
229 241 0.2
229 249 0.2
229 253 0.2
229 273 0.5
229 287 0.2
229 290 0.16667
229 305 0.16667
229 324 0.16667
229 340 0.16667
229 378 0.16667
229 414 0.2
229 418 0.16667
229 422 0.2
229 436 0.16667
229 445 0.16667
229 447 0.2
229 449 0.2
229 453 0.16667
229 477 0.16667
229 496 0.33333
229 507 0.2
229 520 0.16667
229 536 0.16667
229 540 0.16667
229 545 0.4
229 561 0.11111
229 571 0.2
229 582 0.2
229 596 0.2
229 603 0.2
229 626 0.2
229 646 0.2
229 661 0.2
229 715 0.16667
231 236 0.42857
231 245 0.4
231 247 0.14286
231 248 0.25
231 266 0.33333
231 268 0.25
231 274 0.33333
231 299 0.66667
231 312 0.022222
231 314 1
231 329 0.25
231 330 0.33333
231 332 0.25
231 345 0.33333
231 346 0.66667
231 361 0.25
231 367 0.018519
231 368 1
231 403 0.3
231 405 0.75
231 408 0.42857
231 413 0.16667
231 416 0.33333
231 431 0.66667
231 432 0.33333
231 440 0.75
231 463 0.6
231 485 0.25
231 530 0.33333
231 549 0.33333
231 563 0.021739
231 583 0.33333
231 602 0.5
231 610 0.66667
231 635 1
231 637 0.14286
231 682 0.33333
231 704 0.33333
232 239 0.25
232 240 0.25
232 241 0.33333
232 249 0.33333
232 253 0.33333
232 273 0.16667
232 275 0.1
232 287 0.33333
232 290 0.25
232 294 0.25
232 305 0.25
232 324 0.25
232 340 0.25
232 348 0.14286
232 371 0.25
232 378 0.25
232 386 0.25
232 414 0.33333
232 417 0.33333
232 418 0.25
232 426 0.33333
232 436 0.25
232 445 0.66667
232 447 0.33333
232 449 0.33333
232 453 0.25
232 477 0.090909
232 483 0.25
232 496 0.2
232 507 0.33333
232 513 0.25
232 520 0.25
232 536 0.25
232 537 0.25
232 540 0.25
232 545 0.25
232 550 0.25
232 553 0.25
232 561 0.33333
232 582 0.33333
232 596 0.33333
232 603 0.33333
232 626 0.33333
232 646 0.33333
232 661 0.33333
232 715 0.25
233 295 0.5
233 482 1
233 517 0.25
233 535 1
233 679 1
236 245 0.375
236 247 0.090909
236 248 0.125
236 266 0.14286
236 268 0.125
236 274 0.14286
236 299 0.28571
236 307 0.11111
236 312 0.041667
236 314 0.42857
236 329 0.28571
236 330 0.45455
236 332 0.125
236 345 0.14286
236 346 0.28571
236 361 0.125
236 367 0.035088
236 368 0.42857
236 403 0.21429
236 405 0.57143
236 408 0.27273
236 413 0.1
236 416 0.14286
236 431 0.28571
236 432 0.14286
236 440 0.57143
236 463 0.5
236 485 0.125
236 530 0.14286
236 549 0.14286
236 563 0.040816
236 583 0.14286
236 602 0.44444
236 610 0.28571
236 635 0.42857
236 637 0.090909
236 670 0.14286
236 682 0.14286
236 696 0.083333
236 704 0.14286
237 247 0.1
237 267 0.125
237 275 0.076923
237 312 0.11364
237 367 0.09434
237 373 0.11111
237 404 0.16667
237 427 0.16667
237 557 0.1
237 563 0.11111
237 586 0.1
237 637 0.1
237 650 0.16667
238 276 0.25
238 291 0.25
238 330 0.090909
238 394 0.33333
238 403 0.083333
238 408 0.11111
238 411 0.33333
238 412 0.33333
238 435 0.33333
238 525 0.16667
238 543 0.2
239 240 0.33333
239 241 0.5
239 249 0.5
239 253 0.5
239 273 0.2
239 287 0.5
239 290 0.33333
239 296 0.5
239 305 0.33333
239 324 0.33333
239 340 0.33333
239 349 0.33333
239 378 0.33333
239 414 0.5
239 418 0.33333
239 436 0.33333
239 445 0.33333
239 447 0.5
239 449 0.5
239 453 0.33333
239 477 0.1
239 496 0.25
239 501 0.5
239 507 0.5
239 520 1
239 536 0.33333
239 540 0.33333
239 545 0.33333
239 555 0.5
239 561 0.16667
239 582 0.5
239 596 0.5
239 603 0.5
239 626 0.5
239 646 0.5
239 661 0.5
239 715 0.33333
240 241 0.5
240 249 0.5
240 253 0.5
240 273 0.2
240 287 0.5
240 290 1
240 305 0.33333
240 324 1
240 340 1
240 348 0.16667
240 378 1
240 379 0.5
240 384 0.5
240 414 0.5
240 418 0.33333
240 436 1
240 445 0.33333
240 447 0.5
240 449 0.5
240 453 0.33333
240 477 0.1
240 496 0.25
240 507 0.5
240 520 0.33333
240 536 0.33333
240 540 0.33333
240 545 0.33333
240 561 0.16667
240 582 0.5
240 596 0.5
240 603 0.5
240 626 0.5
240 646 0.5
240 661 0.5
240 715 0.33333
241 249 1
241 253 1
241 273 0.25
241 287 1
241 290 0.5
241 305 0.5
241 324 0.5
241 340 0.5
241 378 0.5
241 414 1
241 418 0.5
241 436 0.5
241 445 0.5
241 447 1
241 449 1
241 453 0.5
241 477 0.11111
241 496 0.33333
241 507 1
241 520 0.5
241 536 0.5
241 540 0.5
241 545 0.5
241 561 0.2
241 582 1
241 596 1
241 603 1
241 626 1
241 646 1
241 661 1
241 715 0.5
242 331 0.25
242 363 0.33333
242 409 0.5
242 525 0.2
242 597 0.5
243 298 1
244 562 1
245 247 0.125
245 274 0.25
245 299 0.5
245 312 0.068182
245 314 0.4
245 330 0.3
245 332 0.2
245 346 0.5
245 367 0.056604
245 368 0.4
245 403 0.16667
245 405 0.33333
245 408 0.22222
245 431 0.5
245 432 0.25
245 440 0.33333
245 455 0.16667
245 463 0.28571
245 485 0.2
245 563 0.066667
245 583 0.25
245 602 0.25
245 610 0.5
245 635 0.4
245 637 0.125
247 299 0.16667
247 312 0.066667
247 314 0.14286
247 330 0.076923
247 332 0.16667
247 346 0.16667
247 367 0.055556
247 368 0.14286
247 403 0.071429
247 405 0.125
247 408 0.090909
247 431 0.16667
247 432 0.2
247 440 0.125
247 463 0.11111
247 485 0.16667
247 563 0.065217
247 602 0.1
247 610 0.16667
247 635 0.14286
247 637 1
248 266 0.5
248 268 1
248 314 0.25
248 329 0.33333
248 330 0.1
248 345 0.5
248 361 1
248 368 0.25
248 403 0.090909
248 405 0.2
248 408 0.125
248 413 0.2
248 416 0.5
248 440 0.2
248 463 0.16667
248 530 0.5
248 549 0.5
248 602 0.14286
248 635 0.25
248 682 0.5
248 704 0.5
249 253 1
249 273 0.25
249 287 1
249 290 0.5
249 305 0.5
249 324 0.5
249 340 0.5
249 378 0.5
249 414 1
249 418 0.5
249 436 0.5
249 445 0.5
249 447 1
249 449 1
249 453 0.5
249 477 0.11111
249 496 0.33333
249 507 1
249 520 0.5
249 536 0.5
249 540 0.5
249 545 0.5
249 561 0.2
249 582 1
249 596 1
249 603 1
249 626 1
249 646 1
249 661 1
249 715 0.5
252 438 0.16667
252 577 0.5
252 580 0.2
252 662 0.25
252 693 0.25
252 725 0.25
253 273 0.25
253 287 1
253 290 0.5
253 305 0.5
253 324 0.5
253 340 0.5
253 378 0.5
253 414 1
253 418 0.5
253 436 0.5
253 445 0.5
253 447 1
253 449 1
253 453 0.5
253 477 0.11111
253 496 0.33333
253 507 1
253 520 0.5
253 536 0.5
253 540 0.5
253 545 0.5
253 561 0.2
253 582 1
253 596 1
253 603 1
253 626 1
253 646 1
253 661 1
253 715 0.5
254 311 0.33333
254 353 0.5
254 364 0.5
254 375 0.5
254 400 0.5
254 467 0.5
254 558 0.33333
254 566 0.33333
254 567 0.5
254 579 1
254 639 0.5
254 641 0.5
254 643 0.5
254 658 0.5
254 667 0.5
254 677 0.5
254 684 0.5
254 717 0.5
255 532 0.6
255 701 0.25
257 263 0.375
257 421 0.75
257 459 0.8
257 477 0.3
257 486 0.42857
257 569 0.25
257 608 0.5
257 634 0.5
258 478 0.5
258 505 0.5
259 289 0.16667
259 312 0.023256
259 367 0.019231
259 434 0.083333
259 563 0.022727
261 302 0.5
261 312 0.023256
261 315 1
261 322 0.5
261 355 0.25
261 366 0.25
261 367 0.019231
261 395 1
261 420 0.5
261 438 0.33333
261 472 0.33333
261 476 0.5
261 491 1
261 495 0.2
261 527 0.2
261 563 0.022727
261 604 0.16667
261 640 0.14286
261 696 0.16667
263 418 0.125
263 421 0.25
263 459 0.5
263 477 0.6
263 486 0.85714
263 569 0.14286
263 608 0.125
263 634 0.125
264 561 0.2
264 573 1
266 268 0.5
266 314 0.33333
266 329 0.5
266 330 0.11111
266 345 1
266 361 0.5
266 368 0.33333
266 403 0.1
266 405 0.25
266 408 0.14286
266 413 0.25
266 416 1
266 440 0.25
266 463 0.2
266 530 1
266 549 1
266 602 0.16667
266 635 0.33333
266 682 1
266 704 1
267 275 0.22222
267 302 0.25
267 312 0.022222
267 367 0.018519
267 373 0.4
267 404 0.33333
267 427 0.33333
267 438 0.2
267 557 0.33333
267 563 0.021739
267 586 0.33333
267 615 0.33333
267 673 0.33333
268 314 0.25
268 329 0.33333
268 330 0.1
268 345 0.5
268 361 1
268 368 0.25
268 403 0.090909
268 405 0.2
268 408 0.125
268 413 0.2
268 416 0.5
268 440 0.2
268 463 0.16667
268 530 0.5
268 549 0.5
268 602 0.14286
268 635 0.25
268 682 0.5
268 704 0.5
270 303 0.5
270 312 0.023256
270 318 0.5
270 328 1
270 334 0.5
270 403 0.1
270 423 1
270 444 0.076923
271 301 0.2
271 316 1
271 458 0.5
271 515 1
271 517 0.25
271 526 1
271 572 1
271 678 1
271 692 1
271 694 1
271 699 1
272 295 0.5
272 350 1
273 287 0.25
273 290 0.2
273 305 0.2
273 324 0.2
273 340 0.2
273 378 0.2
273 414 0.25
273 418 0.2
273 422 0.25
273 436 0.2
273 445 0.2
273 447 0.25
273 449 0.25
273 453 0.2
273 477 0.3
273 496 0.75
273 507 0.25
273 520 0.2
273 536 0.2
273 540 0.2
273 545 0.5
273 561 0.125
273 571 0.25
273 582 0.25
273 596 0.25
273 603 0.25
273 626 0.25
273 646 0.25
273 661 0.25
273 715 0.2
274 299 0.5
274 314 0.33333
274 330 0.11111
274 346 0.5
274 368 0.33333
274 403 0.1
274 405 0.25
274 408 0.14286
274 431 0.5
274 440 0.25
274 463 0.2
274 583 1
274 602 0.16667
274 610 0.5
274 635 0.33333
275 294 0.11111
275 302 0.11111
275 312 0.02
275 348 0.083333
275 367 0.016949
275 371 0.11111
275 373 0.33333
275 386 0.11111
275 404 0.125
275 417 0.125
275 424 0.11111
275 426 0.125
275 427 0.125
275 429 0.1
275 438 0.1
275 444 0.05
275 465 0.05
275 483 0.11111
275 513 0.11111
275 521 0.052632
275 537 0.11111
275 550 0.11111
275 553 0.11111
275 557 0.3
275 561 0.083333
275 563 0.019608
275 586 0.44444
275 604 0.16667
275 615 0.125
275 673 0.125
276 291 1
276 330 0.1
276 394 0.5
276 403 0.090909
276 408 0.125
276 411 0.5
276 412 0.5
276 435 0.5
276 525 0.5
277 313 0.14286
277 406 0.33333
277 428 0.5
277 645 1
277 659 0.5
279 360 1
279 430 1
284 424 0.33333
284 444 0.071429
284 465 0.15385
284 508 0.25
284 510 0.33333
284 521 0.16667
284 548 0.33333
284 591 0.16667
285 312 0.023256
285 367 0.019231
285 563 0.022727
287 290 0.5
287 305 0.5
287 324 0.5
287 340 0.5
287 378 0.5
287 414 1
287 418 0.5
287 436 0.5
287 445 0.5
287 447 1
287 449 1
287 453 0.5
287 477 0.11111
287 496 0.33333
287 507 1
287 520 0.5
287 536 0.5
287 540 0.5
287 545 0.5
287 561 0.2
287 582 1
287 596 1
287 603 1
287 626 1
287 646 1
287 661 1
287 715 0.5
288 339 0.5
288 398 0.5
288 494 0.5
289 312 0.020833
289 318 0.14286
289 367 0.017544
289 434 0.2
289 523 0.14286
289 546 0.14286
289 561 0.1
289 563 0.020408
290 305 0.33333
290 324 1
290 340 1
290 348 0.16667
290 378 1
290 379 0.5
290 384 0.5
290 414 0.5
290 418 0.33333
290 436 1
290 445 0.33333
290 447 0.5
290 449 0.5
290 453 0.33333
290 477 0.1
290 496 0.25
290 507 0.5
290 520 0.33333
290 536 0.33333
290 540 0.33333
290 545 0.33333
290 561 0.16667
290 582 0.5
290 596 0.5
290 603 0.5
290 626 0.5
290 646 0.5
290 661 0.5
290 715 0.33333
291 330 0.1
291 394 0.5
291 403 0.090909
291 408 0.125
291 411 0.5
291 412 0.5
291 435 0.5
291 525 0.5
292 352 0.5
294 348 0.4
294 371 0.33333
294 386 0.33333
294 417 0.5
294 426 0.5
294 483 0.33333
294 513 1
294 537 0.33333
294 550 0.33333
294 553 0.33333
294 561 0.16667
295 350 0.5
295 482 0.5
295 517 0.2
295 535 0.5
295 679 0.5
296 349 0.5
296 501 1
296 520 0.5
296 555 1
299 312 0.022727
299 314 0.66667
299 330 0.22222
299 332 0.33333
299 346 1
299 367 0.018868
299 368 0.66667
299 403 0.2
299 405 0.5
299 408 0.28571
299 431 1
299 432 0.5
299 440 0.5
299 463 0.4
299 485 0.33333
299 563 0.022222
299 583 0.5
299 602 0.33333
299 610 1
299 635 0.66667
299 637 0.16667
300 342 0.5
300 392 0.5
300 429 0.33333
300 458 0.5
300 543 0.33333
300 564 0.5
300 605 1
300 674 0.5
301 308 0.2
301 316 0.2
301 327 0.2
301 401 0.2
301 458 0.16667
301 471 0.14286
301 511 0.16667
301 515 0.2
301 516 0.2
301 517 0.28571
301 524 0.2
301 526 0.2
301 570 0.2
301 572 0.2
301 678 0.2
301 692 0.2
301 694 0.2
301 699 0.2
302 312 0.046512
302 315 0.5
302 322 0.33333
302 355 0.2
302 366 0.2
302 367 0.038462
302 373 0.2
302 395 0.5
302 420 0.33333
302 438 0.66667
302 472 0.25
302 476 0.33333
302 491 0.5
302 495 0.16667
302 527 0.16667
302 557 0.16667
302 563 0.045455
302 586 0.16667
302 604 0.14286
302 615 0.5
302 640 0.125
302 673 0.5
302 696 0.14286
303 312 0.022727
303 318 0.33333
303 328 0.5
303 334 0.33333
303 403 0.090909
303 423 0.5
303 444 0.071429
303 613 0.33333
305 324 0.33333
305 340 0.33333
305 378 0.33333
305 403 0.090909
305 408 0.125
305 414 0.5
305 418 0.33333
305 436 0.33333
305 445 0.33333
305 447 0.5
305 449 0.5
305 453 0.33333
305 477 0.1
305 496 0.25
305 507 0.5
305 520 0.33333
305 536 0.33333
305 540 0.33333
305 545 0.33333
305 561 0.16667
305 582 0.5
305 596 0.5
305 603 0.5
305 626 0.5
305 646 0.5
305 661 0.5
305 715 0.33333
307 528 0.33333
307 670 0.33333
308 327 1
308 401 1
308 511 0.5
308 516 1
308 517 0.25
308 524 1
309 390 1
309 443 1
309 470 1
309 499 1
309 500 1
309 504 1
309 575 1
309 576 1
309 585 1
309 606 1
309 663 1
309 664 0.5
309 681 1
309 689 1
309 690 1
309 724 1
309 727 1
311 353 0.5
311 364 0.5
311 375 0.5
311 400 0.5
311 558 0.33333
311 566 1
311 567 0.5
311 579 0.33333
311 639 0.5
311 641 0.5
311 643 0.5
311 658 0.5
311 667 0.5
311 677 0.5
311 684 0.5
311 717 0.5
312 313 0.041667
312 314 0.022222
312 315 0.023256
312 318 0.022727
312 322 0.022727
312 328 0.023256
312 330 0.04
312 332 0.046512
312 334 0.046512
312 346 0.022727
312 355 0.021739
312 365 0.023256
312 366 0.021739
312 367 0.72727
312 368 0.022222
312 373 0.021739
312 395 0.023256
312 403 0.06
312 405 0.021739
312 408 0.020408
312 420 0.022727
312 423 0.023256
312 431 0.022727
312 432 0.023256
312 434 0.057692
312 438 0.045455
312 440 0.021739
312 442 0.023256
312 444 0.018182
312 451 0.023256
312 455 0.022222
312 463 0.021277
312 472 0.022222
312 476 0.022727
312 485 0.046512
312 491 0.023256
312 495 0.021277
312 527 0.021277
312 557 0.043478
312 563 0.70588
312 586 0.021277
312 602 0.020833
312 604 0.020833
312 610 0.022727
312 615 0.023256
312 635 0.022222
312 637 0.066667
312 640 0.020408
312 650 0.023256
312 673 0.023256
312 696 0.020833
313 337 0.14286
313 366 0.1
313 367 0.035088
313 403 0.0625
313 406 0.11111
313 408 0.076923
313 413 0.22222
313 428 0.125
313 468 0.11111
313 495 0.090909
313 527 0.33333
313 563 0.040816
313 568 0.22222
313 604 0.083333
313 640 0.16667
313 645 0.14286
313 659 0.125
313 696 0.083333
314 329 0.25
314 330 0.33333
314 332 0.25
314 345 0.33333
314 346 0.66667
314 361 0.25
314 367 0.018519
314 368 1
314 403 0.3
314 405 0.75
314 408 0.42857
314 413 0.16667
314 416 0.33333
314 431 0.66667
314 432 0.33333
314 440 0.75
314 463 0.6
314 485 0.25
314 530 0.33333
314 549 0.33333
314 563 0.021739
314 583 0.33333
314 602 0.5
314 610 0.66667
314 635 1
314 637 0.14286
314 682 0.33333
314 704 0.33333
315 322 0.5
315 355 0.25
315 366 0.25
315 367 0.019231
315 395 1
315 420 0.5
315 438 0.33333
315 472 0.33333
315 476 0.5
315 491 1
315 495 0.2
315 527 0.2
315 563 0.022727
315 604 0.16667
315 640 0.14286
315 696 0.16667
316 458 0.5
316 515 1
316 517 0.25
316 526 1
316 572 1
316 678 1
316 692 1
316 694 1
316 699 1
318 328 0.5
318 334 0.33333
318 403 0.090909
318 423 0.5
318 444 0.071429
318 523 0.33333
322 355 0.5
322 366 0.5
322 367 0.018868
322 395 0.5
322 420 1
322 438 0.25
322 472 0.66667
322 476 1
322 491 0.5
322 495 0.4
322 527 0.4
322 563 0.022222
322 604 0.33333
322 640 0.28571
322 696 0.33333
323 434 0.083333
323 454 1
324 340 1
324 348 0.16667
324 378 1
324 379 0.5
324 384 0.5
324 414 0.5
324 418 0.33333
324 436 1
324 445 0.33333
324 447 0.5
324 449 0.5
324 453 0.33333
324 477 0.1
324 496 0.25
324 507 0.5
324 520 0.33333
324 536 0.33333
324 540 0.33333
324 545 0.33333
324 561 0.16667
324 582 0.5
324 596 0.5
324 603 0.5
324 626 0.5
324 646 0.5
324 661 0.5
324 715 0.33333
327 401 1
327 511 0.5
327 516 1
327 517 0.25
327 524 1
328 334 0.5
328 403 0.1
328 423 1
328 444 0.076923
329 330 0.22222
329 345 0.5
329 361 0.33333
329 368 0.25
329 403 0.090909
329 405 0.5
329 408 0.125
329 413 0.2
329 416 0.5
329 440 0.5
329 463 0.4
329 530 0.5
329 549 0.5
329 602 0.33333
329 635 0.25
329 682 0.5
329 696 0.14286
329 704 0.5
330 332 0.1
330 345 0.11111
330 346 0.22222
330 361 0.1
330 367 0.033898
330 368 0.33333
330 394 0.11111
330 403 0.46154
330 405 0.44444
330 408 0.45455
330 411 0.11111
330 412 0.11111
330 413 0.083333
330 416 0.11111
330 431 0.22222
330 432 0.11111
330 435 0.11111
330 440 0.44444
330 463 0.55556
330 485 0.1
330 525 0.083333
330 530 0.11111
330 549 0.11111
330 563 0.039216
330 583 0.11111
330 602 0.5
330 609 0.1
330 610 0.22222
330 635 0.33333
330 637 0.076923
330 640 0.066667
330 682 0.11111
330 696 0.071429
330 704 0.11111
331 363 0.66667
331 409 0.33333
331 525 0.4
331 597 0.33333
332 346 0.33333
332 367 0.038462
332 368 0.25
332 403 0.090909
332 405 0.2
332 408 0.125
332 431 0.33333
332 432 0.5
332 440 0.2
332 442 0.5
332 463 0.16667
332 485 0.33333
332 563 0.022222
332 602 0.14286
332 610 0.33333
332 635 0.25
332 637 0.16667
334 367 0.018868
334 403 0.090909
334 423 0.5
334 444 0.071429
334 563 0.022222
339 494 1
340 348 0.16667
340 378 1
340 379 0.5
340 384 0.5
340 414 0.5
340 418 0.33333
340 436 1
340 445 0.33333
340 447 0.5
340 449 0.5
340 453 0.33333
340 477 0.1
340 496 0.25
340 507 0.5
340 520 0.33333
340 536 0.33333
340 540 0.33333
340 545 0.33333
340 561 0.16667
340 582 0.5
340 596 0.5
340 603 0.5
340 626 0.5
340 646 0.5
340 661 0.5
340 715 0.33333
342 392 1
342 429 0.66667
342 458 0.33333
342 533 0.5
342 543 0.25
342 564 1
342 605 0.5
342 674 0.33333
343 721 0.5
345 361 0.5
345 368 0.33333
345 403 0.1
345 405 0.25
345 408 0.14286
345 413 0.25
345 416 1
345 440 0.25
345 463 0.2
345 530 1
345 549 1
345 602 0.16667
345 635 0.33333
345 682 1
345 704 1
346 367 0.018868
346 368 0.66667
346 403 0.2
346 405 0.5
346 408 0.28571
346 431 1
346 432 0.5
346 440 0.5
346 463 0.4
346 485 0.33333
346 563 0.022222
346 583 0.5
346 602 0.33333
346 610 1
346 635 0.66667
346 637 0.16667
348 371 0.16667
348 378 0.16667
348 379 0.2
348 384 0.2
348 386 0.16667
348 417 0.2
348 426 0.2
348 436 0.16667
348 471 0.14286
348 483 0.16667
348 513 0.4
348 537 0.16667
348 550 0.16667
348 553 0.16667
348 561 0.11111
349 501 0.5
349 520 0.33333
349 555 0.5
349 568 0.2
352 359 0.5
353 364 1
353 375 1
353 400 1
353 558 0.5
353 566 0.5
353 567 1
353 579 0.5
353 639 1
353 641 1
353 643 1
353 658 1
353 667 1
353 677 1
353 684 1
353 717 1
355 366 0.33333
355 367 0.018182
355 373 0.14286
355 395 0.25
355 420 0.5
355 438 0.16667
355 472 0.75
355 476 0.5
355 491 0.25
355 495 0.8
355 511 0.2
355 527 0.28571
355 563 0.021277
355 604 0.25
355 640 0.57143
355 696 0.66667
356 481 1
360 430 1
361 368 0.25
361 403 0.090909
361 405 0.2
361 408 0.125
361 413 0.2
361 416 0.5
361 440 0.2
361 463 0.16667
361 530 0.5
361 549 0.5
361 602 0.14286
361 635 0.25
361 682 0.5
361 704 0.5
363 409 0.5
363 525 0.5
363 597 0.5
364 375 1
364 400 1
364 558 0.5
364 566 0.5
364 567 1
364 579 0.5
364 639 1
364 641 1
364 643 1
364 658 1
364 667 1
364 677 1
364 684 1
364 717 1
365 367 0.019231
365 434 0.083333
365 563 0.022727
366 367 0.018182
366 395 0.25
366 403 0.076923
366 408 0.1
366 413 0.33333
366 420 0.5
366 438 0.16667
366 468 0.16667
366 472 0.4
366 476 0.5
366 491 0.25
366 495 0.5
366 527 0.5
366 563 0.021277
366 568 0.33333
366 604 0.66667
366 640 0.375
366 696 0.42857
367 368 0.018519
367 373 0.018182
367 395 0.019231
367 403 0.033333
367 405 0.018182
367 408 0.017241
367 420 0.018868
367 431 0.018868
367 432 0.019231
367 434 0.066667
367 438 0.037736
367 440 0.018182
367 442 0.019231
367 455 0.018519
367 463 0.017857
367 472 0.018519
367 476 0.018868
367 485 0.038462
367 491 0.019231
367 495 0.017857
367 527 0.017857
367 557 0.036364
367 563 0.68421
367 586 0.017857
367 602 0.017544
367 604 0.017544
367 610 0.018868
367 615 0.019231
367 635 0.018519
367 637 0.055556
367 640 0.017241
367 650 0.019231
367 673 0.019231
367 696 0.017544
368 403 0.3
368 405 0.75
368 408 0.42857
368 413 0.16667
368 416 0.33333
368 431 0.66667
368 432 0.33333
368 440 0.75
368 463 0.6
368 485 0.25
368 530 0.33333
368 549 0.33333
368 563 0.021739
368 583 0.33333
368 602 0.5
368 610 0.66667
368 635 1
368 637 0.14286
368 682 0.33333
368 704 0.33333
371 386 1
371 417 0.5
371 426 0.5
371 483 1
371 513 0.33333
371 537 1
371 550 1
371 553 1
371 561 0.4
373 404 0.25
373 424 0.2
373 427 0.25
373 438 0.16667
373 444 0.0625
373 465 0.0625
373 495 0.125
373 511 0.2
373 521 0.066667
373 557 0.5
373 563 0.021277
373 586 0.5
373 604 0.11111
373 615 0.25
373 640 0.1
373 673 0.25
373 696 0.11111
375 400 1
375 558 0.5
375 566 0.5
375 567 1
375 579 0.5
375 639 1
375 641 1
375 643 1
375 658 1
375 667 1
375 677 1
375 684 1
375 717 1
376 580 0.33333
376 691 0.33333
378 379 0.5
378 384 0.5
378 414 0.5
378 418 0.33333
378 436 1
378 445 0.33333
378 447 0.5
378 449 0.5
378 453 0.33333
378 477 0.1
378 496 0.25
378 507 0.5
378 520 0.33333
378 536 0.33333
378 540 0.33333
378 545 0.33333
378 561 0.16667
378 582 0.5
378 596 0.5
378 603 0.5
378 626 0.5
378 646 0.5
378 661 0.5
378 715 0.33333
379 384 1
379 436 0.5
384 436 0.5
386 417 0.5
386 426 0.5
386 483 1
386 513 0.33333
386 537 1
386 550 1
386 553 1
386 561 0.4
390 443 1
390 470 1
390 499 1
390 500 1
390 504 1
390 575 1
390 576 1
390 585 1
390 606 1
390 663 1
390 664 0.5
390 681 1
390 689 1
390 690 1
390 724 1
390 727 1
392 429 0.66667
392 458 0.33333
392 533 0.5
392 543 0.25
392 564 1
392 605 0.5
392 674 0.33333
394 403 0.1
394 408 0.14286
394 411 1
394 412 1
394 435 1
394 525 0.25
395 420 0.5
395 438 0.33333
395 472 0.33333
395 476 0.5
395 491 1
395 495 0.2
395 527 0.2
395 563 0.022727
395 604 0.16667
395 640 0.14286
395 696 0.16667
400 558 0.5
400 566 0.5
400 567 1
400 579 0.5
400 639 1
400 641 1
400 643 1
400 658 1
400 667 1
400 677 1
400 684 1
400 717 1
401 511 0.5
401 516 1
401 517 0.25
401 524 1
403 405 0.27273
403 408 0.7
403 411 0.1
403 412 0.1
403 413 0.16667
403 416 0.1
403 423 0.1
403 431 0.2
403 432 0.1
403 435 0.1
403 440 0.27273
403 444 0.045455
403 463 0.36364
403 468 0.083333
403 485 0.090909
403 495 0.071429
403 525 0.076923
403 527 0.071429
403 530 0.1
403 549 0.1
403 563 0.018868
403 568 0.076923
403 583 0.1
403 602 0.33333
403 604 0.066667
403 610 0.2
403 635 0.3
403 637 0.071429
403 640 0.13333
403 682 0.1
403 696 0.066667
403 704 0.1
404 427 1
404 557 0.2
404 586 0.2
405 408 0.375
405 413 0.14286
405 416 0.25
405 431 0.5
405 432 0.25
405 440 1
405 463 0.8
405 485 0.2
405 530 0.25
405 549 0.25
405 563 0.021277
405 583 0.25
405 602 0.66667
405 610 0.5
405 635 0.75
405 637 0.125
405 682 0.25
405 696 0.11111
405 704 0.25
406 428 0.25
406 514 0.33333
406 645 0.33333
406 659 0.66667
408 411 0.14286
408 412 0.14286
408 413 0.22222
408 416 0.14286
408 431 0.28571
408 432 0.14286
408 435 0.14286
408 440 0.375
408 463 0.33333
408 468 0.11111
408 485 0.125
408 495 0.090909
408 525 0.1
408 527 0.090909
408 530 0.14286
408 549 0.14286
408 563 0.02
408 568 0.1
408 583 0.14286
408 602 0.3
408 604 0.083333
408 610 0.28571
408 635 0.42857
408 637 0.090909
408 640 0.076923
408 682 0.14286
408 696 0.083333
408 704 0.14286
409 525 0.25
409 597 1
411 412 1
411 435 1
411 525 0.25
412 435 1
412 525 0.25
413 416 0.25
413 440 0.14286
413 463 0.125
413 468 0.16667
413 495 0.125
413 527 0.28571
413 530 0.25
413 549 0.25
413 568 0.6
413 602 0.11111
413 604 0.25
413 635 0.16667
413 640 0.22222
413 682 0.25
413 696 0.11111
413 704 0.25
414 418 0.5
414 436 0.5
414 445 0.5
414 447 1
414 449 1
414 453 0.5
414 477 0.11111
414 496 0.33333
414 507 1
414 520 0.5
414 536 0.5
414 540 0.5
414 545 0.5
414 561 0.2
414 582 1
414 596 1
414 603 1
414 626 1
414 646 1
414 661 1
414 715 0.5
416 440 0.25
416 463 0.2
416 530 1
416 549 1
416 602 0.16667
416 635 0.33333
416 682 1
416 704 1
417 426 1
417 483 0.5
417 513 0.5
417 537 0.5
417 550 0.5
417 553 0.5
417 561 0.2
418 436 0.33333
418 445 0.33333
418 447 0.5
418 449 0.5
418 453 0.33333
418 477 0.22222
418 486 0.14286
418 496 0.25
418 507 0.5
418 520 0.33333
418 536 0.33333
418 540 0.33333
418 545 0.33333
418 561 0.16667
418 582 0.5
418 596 0.5
418 603 0.5
418 626 0.5
418 646 0.5
418 661 0.5
418 715 0.33333
420 438 0.25
420 472 0.66667
420 476 1
420 491 0.5
420 495 0.4
420 527 0.4
420 563 0.022222
420 604 0.33333
420 640 0.28571
420 696 0.33333
421 459 0.6
421 477 0.2
421 486 0.28571
421 608 0.66667
421 634 0.66667
423 444 0.076923
424 444 0.15385
424 465 0.15385
424 510 0.33333
424 521 0.16667
424 557 0.16667
424 586 0.16667
424 591 0.16667
424 604 0.14286
426 483 0.5
426 513 0.5
426 537 0.5
426 550 0.5
426 553 0.5
426 561 0.2
427 557 0.2
427 586 0.2
428 645 0.5
428 659 0.33333
429 458 0.25
429 533 0.33333
429 543 0.2
429 564 0.66667
429 604 0.125
429 605 0.33333
429 674 0.25
431 432 0.5
431 440 0.5
431 463 0.4
431 485 0.33333
431 563 0.022222
431 583 0.5
431 602 0.33333
431 610 1
431 635 0.66667
431 637 0.16667
432 440 0.25
432 463 0.2
432 485 0.5
432 563 0.022727
432 602 0.16667
432 610 0.5
432 635 0.33333
432 637 0.2
433 674 0.5
434 454 0.083333
434 460 0.083333
434 546 0.076923
434 561 0.0625
434 563 0.14286
434 710 0.083333
435 525 0.25
436 445 0.33333
436 447 0.5
436 449 0.5
436 453 0.33333
436 477 0.1
436 496 0.25
436 507 0.5
436 520 0.33333
436 536 0.33333
436 540 0.33333
436 545 0.33333
436 561 0.16667
436 582 0.5
436 596 0.5
436 603 0.5
436 626 0.5
436 646 0.5
436 661 0.5
436 715 0.33333
438 472 0.2
438 476 0.25
438 491 0.33333
438 495 0.14286
438 527 0.14286
438 557 0.14286
438 563 0.044444
438 586 0.14286
438 604 0.125
438 615 0.33333
438 640 0.11111
438 673 0.33333
438 696 0.125
440 463 0.8
440 485 0.2
440 530 0.25
440 549 0.25
440 563 0.021277
440 583 0.25
440 602 0.66667
440 610 0.5
440 635 0.75
440 637 0.125
440 682 0.25
440 696 0.11111
440 704 0.25
443 470 1
443 499 1
443 500 1
443 504 1
443 575 1
443 576 1
443 585 1
443 606 1
443 663 1
443 664 0.5
443 681 1
443 689 1
443 690 1
443 724 1
443 727 1
444 455 0.066667
444 465 0.18182
444 510 0.071429
444 521 0.19048
444 548 0.071429
444 551 0.05
444 557 0.058824
444 586 0.058824
444 591 0.125
444 604 0.055556
445 447 0.5
445 449 0.5
445 453 0.33333
445 477 0.1
445 496 0.25
445 507 0.5
445 520 0.33333
445 536 0.33333
445 540 0.33333
445 545 0.33333
445 561 0.16667
445 582 0.5
445 596 0.5
445 603 0.5
445 626 0.5
445 646 0.5
445 661 0.5
445 715 0.33333
447 449 1
447 453 0.5
447 477 0.11111
447 496 0.33333
447 507 1
447 520 0.5
447 536 0.5
447 540 0.5
447 545 0.5
447 561 0.2
447 582 1
447 596 1
447 603 1
447 626 1
447 646 1
447 661 1
447 715 0.5
449 453 0.5
449 477 0.11111
449 496 0.33333
449 507 1
449 520 0.5
449 536 0.5
449 540 0.5
449 545 0.5
449 561 0.2
449 582 1
449 596 1
449 603 1
449 626 1
449 646 1
449 661 1
449 715 0.5
453 477 0.1
453 496 0.25
453 507 0.5
453 520 0.33333
453 536 0.33333
453 540 1
453 545 0.33333
453 561 0.16667
453 582 0.5
453 596 0.5
453 603 0.5
453 626 0.5
453 646 0.5
453 661 0.5
453 715 0.33333
455 465 0.066667
455 509 0.33333
455 521 0.071429
455 551 0.1
455 563 0.021739
457 466 1
457 631 1
457 700 1
458 515 0.5
458 517 0.2
458 526 0.5
458 543 0.25
458 564 0.33333
458 572 0.5
458 605 0.5
458 674 0.33333
458 678 0.5
458 692 0.5
458 694 0.5
458 699 0.5
459 477 0.27273
459 486 0.375
459 569 0.2
459 608 0.4
459 634 0.4
460 563 0.022727
460 710 1
463 485 0.16667
463 530 0.2
463 549 0.2
463 563 0.020833
463 583 0.2
463 602 0.83333
463 610 0.4
463 635 0.6
463 637 0.11111
463 640 0.090909
463 682 0.2
463 696 0.1
463 704 0.2
465 508 0.23077
465 510 0.071429
465 521 0.92308
465 548 0.15385
465 551 0.23529
465 557 0.058824
465 586 0.058824
465 591 0.38462
465 592 0.076923
465 604 0.055556
466 631 1
466 700 1
467 579 0.5
468 495 0.14286
468 527 0.14286
468 568 0.16667
468 604 0.125
468 640 0.11111
468 696 0.125
470 499 1
470 500 1
470 504 1
470 575 1
470 576 1
470 585 1
470 606 1
470 663 1
470 664 0.5
470 681 1
470 689 1
470 690 1
470 724 1
470 727 1
471 633 0.33333
472 476 0.66667
472 491 0.33333
472 495 0.6
472 527 0.33333
472 563 0.021739
472 604 0.28571
472 640 0.42857
472 696 0.5
476 491 0.5
476 495 0.4
476 527 0.4
476 563 0.022222
476 604 0.33333
476 640 0.28571
476 696 0.33333
477 486 0.66667
477 496 0.33333
477 507 0.11111
477 520 0.1
477 536 0.1
477 540 0.1
477 545 0.22222
477 561 0.076923
477 569 0.11111
477 571 0.11111
477 582 0.11111
477 596 0.11111
477 603 0.11111
477 608 0.1
477 626 0.11111
477 634 0.1
477 646 0.11111
477 661 0.11111
477 715 0.1
478 505 1
482 517 0.25
482 535 1
482 679 1
483 513 0.33333
483 537 1
483 550 1
483 553 1
483 561 0.4
485 563 0.045455
485 602 0.14286
485 610 0.33333
485 635 0.25
485 637 0.16667
486 569 0.16667
486 608 0.14286
486 634 0.14286
491 495 0.2
491 527 0.2
491 563 0.022727
491 604 0.16667
491 640 0.14286
491 696 0.16667
493 502 0.5
495 511 0.16667
495 527 0.42857
495 563 0.020833
495 568 0.125
495 604 0.375
495 640 0.71429
495 696 0.83333
496 507 0.33333
496 520 0.25
496 536 0.25
496 540 0.25
496 545 0.66667
496 561 0.14286
496 571 0.33333
496 582 0.33333
496 596 0.33333
496 603 0.33333
496 626 0.33333
496 646 0.33333
496 661 0.33333
496 715 0.25
499 500 1
499 504 1
499 575 1
499 576 1
499 585 1
499 606 1
499 663 1
499 664 0.5
499 681 1
499 689 1
499 690 1
499 724 1
499 727 1
500 504 1
500 575 1
500 576 1
500 585 1
500 606 1
500 663 1
500 664 0.5
500 681 1
500 689 1
500 690 1
500 724 1
500 727 1
501 520 0.5
501 555 1
504 575 1
504 576 1
504 585 1
504 606 1
504 663 1
504 664 0.5
504 681 1
504 689 1
504 690 1
504 724 1
504 727 1
507 520 0.5
507 536 0.5
507 540 0.5
507 545 0.5
507 561 0.2
507 582 1
507 596 1
507 603 1
507 626 1
507 646 1
507 661 1
507 715 0.5
508 521 0.25
508 548 0.25
508 551 0.1
508 592 0.33333
510 521 0.076923
510 591 0.16667
511 516 0.5
511 517 0.2
511 524 0.5
511 640 0.125
511 696 0.14286
513 537 0.33333
513 550 0.33333
513 553 0.33333
513 561 0.16667
515 517 0.25
515 526 1
515 572 1
515 678 1
515 692 1
515 694 1
515 699 1
516 517 0.25
516 524 1
517 524 0.25
517 526 0.25
517 535 0.25
517 572 0.25
517 678 0.25
517 679 0.25
517 692 0.25
517 694 0.25
517 699 0.25
520 536 0.33333
520 540 0.33333
520 545 0.33333
520 555 0.5
520 561 0.16667
520 582 0.5
520 596 0.5
520 603 0.5
520 626 0.5
520 646 0.5
520 661 0.5
520 715 0.33333
521 548 0.16667
521 551 0.25
521 557 0.0625
521 586 0.0625
521 591 0.30769
521 592 0.083333
521 604 0.058824
525 597 0.25
526 572 1
526 678 1
526 692 1
526 694 1
526 699 1
527 563 0.020833
527 568 0.28571
527 604 0.375
527 640 0.5
527 696 0.375
530 549 1
530 602 0.16667
530 635 0.33333
530 682 1
530 704 1
532 701 0.25
533 564 0.5
535 679 1
536 540 0.33333
536 545 0.33333
536 561 0.16667
536 582 0.5
536 596 0.5
536 603 0.5
536 626 0.5
536 646 0.5
536 661 0.5
536 715 0.33333
537 550 1
537 553 1
537 561 0.4
540 545 0.33333
540 561 0.16667
540 582 0.5
540 596 0.5
540 603 0.5
540 626 0.5
540 646 0.5
540 661 0.5
540 715 0.33333
543 564 0.25
543 605 0.33333
543 674 0.25
545 561 0.16667
545 571 0.5
545 582 0.5
545 596 0.5
545 603 0.5
545 626 0.5
545 646 0.5
545 661 0.5
545 715 0.33333
546 720 0.5
548 591 0.16667
549 602 0.16667
549 635 0.33333
549 682 1
549 704 1
550 553 1
550 561 0.4
551 591 0.18182
551 592 0.125
553 561 0.4
557 563 0.020833
557 586 0.66667
557 604 0.1
557 615 0.2
557 673 0.2
558 566 0.33333
558 567 0.5
558 579 0.33333
558 602 0.14286
558 639 0.5
558 641 0.5
558 643 0.5
558 658 0.5
558 667 0.5
558 677 0.5
558 684 0.5
558 717 0.5
561 573 0.2
561 582 0.2
561 596 0.2
561 603 0.2
561 626 0.2
561 646 0.2
561 661 0.2
561 715 0.16667
563 586 0.020833
563 602 0.020408
563 604 0.020408
563 610 0.022222
563 615 0.022727
563 635 0.021739
563 637 0.065217
563 640 0.02
563 650 0.022727
563 673 0.022727
563 696 0.020408
563 710 0.022727
564 605 0.5
564 674 0.33333
566 567 0.5
566 579 0.33333
566 639 0.5
566 641 0.5
566 643 0.5
566 658 0.5
566 667 0.5
566 677 0.5
566 684 0.5
566 717 0.5
567 579 0.5
567 639 1
567 641 1
567 643 1
567 658 1
567 667 1
567 677 1
567 684 1
567 717 1
568 604 0.25
568 640 0.22222
568 696 0.11111
572 678 1
572 692 1
572 694 1
572 699 1
575 576 1
575 585 1
575 606 1
575 663 1
575 664 0.5
575 681 1
575 689 1
575 690 1
575 724 1
575 727 1
576 585 1
576 606 1
576 663 1
576 664 0.5
576 681 1
576 689 1
576 690 1
576 724 1
576 727 1
577 662 0.5
577 693 0.5
579 639 0.5
579 641 0.5
579 643 0.5
579 658 0.5
579 667 0.5
579 677 0.5
579 684 0.5
579 717 0.5
580 691 0.33333
580 725 0.5
582 596 1
582 603 1
582 626 1
582 646 1
582 661 1
582 715 0.5
583 602 0.16667
583 610 0.5
583 635 0.33333
585 606 1
585 663 1
585 664 0.5
585 681 1
585 689 1
585 690 1
585 724 1
585 727 1
586 604 0.1
586 615 0.2
586 673 0.2
596 603 1
596 626 1
596 646 1
596 661 1
596 715 0.5
602 610 0.33333
602 635 0.5
602 637 0.1
602 640 0.083333
602 682 0.16667
602 696 0.090909
602 704 0.16667
603 626 1
603 646 1
603 661 1
603 715 0.5
604 640 0.3
604 696 0.33333
605 674 0.5
606 663 1
606 664 0.5
606 681 1
606 689 1
606 690 1
606 724 1
606 727 1
608 634 1
610 635 0.66667
610 637 0.16667
615 673 1
626 646 1
626 661 1
626 715 0.5
627 707 1
631 700 1
635 637 0.14286
635 682 0.33333
635 704 0.33333
639 641 1
639 643 1
639 658 1
639 667 1
639 677 1
639 684 1
639 717 1
640 696 0.625
641 643 1
641 658 1
641 667 1
641 677 1
641 684 1
641 717 1
643 658 1
643 667 1
643 677 1
643 684 1
643 717 1
645 659 0.5
646 661 1
646 715 0.5
658 667 1
658 677 1
658 684 1
658 717 1
661 715 0.5
663 664 0.5
663 681 1
663 689 1
663 690 1
663 724 1
663 727 1
664 681 0.5
664 689 0.5
664 690 0.5
664 724 0.5
664 727 0.5
667 677 1
667 684 1
667 717 1
677 684 1
677 717 1
678 692 1
678 694 1
678 699 1
681 689 1
681 690 1
681 724 1
681 727 1
682 704 1
684 717 1
689 690 1
689 724 1
689 727 1
690 724 1
690 727 1
692 694 1
692 699 1
694 699 1
724 727 1
